13.990	0
36.227	511
36.257	619
37.097	8811
37.198	14480
53.079	17376
53.214	18824
53.586	27016
53.712	30408
54.065	33304
54.317	34752
54.508	37648
66.917	39096
67.044	40544
67.390	41992
67.527	44888
68.011	50680
68.355	52128
68.552	55024
68.891	59368
69.001	60816
80.751	65160
81.108	68056
81.323	69504
81.687	73848
81.821	75296
82.257	79640
82.420	81088
82.749	83984
82.883	86880
83.225	88328
83.757	91224
83.935	92672
84.119	95568
84.486	99912
84.602	101360
94.604	105704
94.975	110048
95.116	112944
95.493	115840
95.609	117288
95.975	121632
96.118	124528
96.559	127424
96.647	128872
97.039	133216
97.385	134664
97.582	136112
98.021	141904
98.461	144800
98.586	146248
98.940	150592
99.054	152040
99.765	154936
99.958	156384
100.518	159280
108.533	163624
108.835	167968
109.149	170864
109.273	172312
109.652	176656
109.784	178104
110.178	183896
110.783	189688
111.171	192584
111.465	194032
111.629	196928
112.008	199824
112.137	202720
112.476	204168
112.685	207064
113.616	209960
113.861	212856
114.117	215752
114.404	217200
114.670	220096
115.451	221544
115.746	225888
122.333	227336
122.683	231680
122.893	234576
123.121	237472
123.399	238920
123.658	241816
123.910	244712
124.160	247608
124.452	249056
124.726	251952
124.985	256296
125.483	259192
125.734	262088
125.960	264984
126.186	266432
126.465	267880
126.721	269328
127.483	270776
127.788	275120
128.448	276568
128.715	278016
130.456	279464
130.728	283808
131.453	285256
131.734	289600
131.973	292496
132.525	295392
132.750	298288
132.997	301184
133.516	304080
133.767	306976
134.017	309872
134.254	311320
134.521	314216
134.766	317112
135.017	320008
135.544	322904
135.791	325800
136.042	328696
136.280	330144
136.538	333040
136.791	335936
137.641	337384
137.913	340280
138.464	341728
138.724	346072
138.977	348968
139.221	350891
