13.825	0
36.012	511
36.021	619
36.199	7240
36.580	10136
36.822	13032
37.089	14480
50.243	15928
50.373	18824
50.693	21720
51.018	26064
51.118	27512
51.511	31856
51.636	33304
52.035	36200
64.065	37648
64.303	40544
64.611	43440
64.733	44888
65.092	47784
65.289	50680
65.609	53576
65.882	55024
66.782	57920
70.181	60816
70.330	62264
70.588	65160
79.220	69504
79.526	73848
79.832	76744
79.964	79640
80.331	82536
80.477	85432
80.821	88328
80.963	91224
81.240	94120
83.889	95568
84.204	99912
84.330	101360
93.222	105704
93.549	110048
93.877	111496
94.039	112944
94.405	117288
94.502	118736
94.887	121632
95.009	123080
95.382	127424
95.512	128872
96.075	131768
96.201	134664
96.507	137560
96.737	139008
97.004	141904
97.253	144800
97.448	147696
97.679	149144
97.942	150592
98.343	154936
98.454	157832
99.076	159280
107.117	162176
107.233	163624
107.441	167968
107.791	170864
107.868	172312
108.240	176656
108.352	178104
108.736	182448
109.007	185344
109.171	186792
109.472	191136
110.124	192584
110.409	196928
110.648	199824
110.842	201272
111.233	204168
111.525	207064
111.731	209960
112.315	211408
112.578	214304
112.841	218648
113.080	221544
113.330	224440
121.070	228784
121.441	233128
121.588	236024
121.947	238920
122.075	241816
122.438	244712
122.571	247608
122.932	250504
123.061	253400
123.424	256296
123.588	259192
123.940	262088
124.082	264984
124.417	269328
124.561	270776
124.942	273672
125.050	275120
125.438	279464
125.540	280912
126.016	283808
126.270	286704
126.518	289600
126.749	291048
126.985	293944
127.231	296840
127.480	299736
128.004	302632
128.264	305528
128.508	308424
128.745	309872
129.006	312768
129.260	315664
129.512	318560
129.747	320008
130.007	322904
130.259	325800
130.508	328696
131.034	331592
131.273	333040
134.894	335936
135.017	338832
135.391	341728
135.498	344624
135.914	348968
136.036	350416
136.387	350891
