13.768	0
41.903	511
41.932	619
42.775	8811
42.877	14480
62.854	17376
63.080	20272
63.336	28464
63.379	30408
63.600	33304
63.847	36200
71.833	37648
77.824	40544
78.761	44888
78.893	46336
79.250	49232
79.811	50680
86.782	53576
87.804	57920
93.802	60816
93.914	62264
94.179	65160
94.754	68056
94.916	70952
95.272	73848
95.603	75296
95.764	78192
96.096	79640
103.735	81088
103.873	83984
104.198	86880
104.527	88328
104.764	89776
105.062	94120
110.924	98464
111.144	99912
111.748	102808
111.857	105704
112.186	108600
112.695	111496
112.941	114392
113.183	115840
113.711	118736
113.955	121632
114.737	123080
120.671	124528
121.589	125976
121.881	128872
122.038	131768
122.346	133216
122.781	136112
122.921	137560
123.753	140456
123.889	143352
124.224	144800
126.674	146248
126.944	147696
127.662	150592
127.782	152040
129.881	153488
130.866	159280
131.176	162176
131.436	163624
131.746	167968
131.855	169416
132.233	172312
132.723	175208
132.976	178104
133.169	181000
133.402	182448
133.660	185344
133.913	188240
137.660	189688
138.850	194032
139.234	198376
139.564	199824
139.767	202720
142.647	205616
142.957	208512
143.176	211408
143.416	212856
143.628	214304
143.918	218648
144.621	220096
144.888	224440
151.856	228784
152.263	233128
152.935	238920
153.281	241816
153.535	243264
153.757	246160
154.002	249056
154.366	251952
154.569	253400
154.812	256296
155.100	259192
155.354	260640
155.694	263536
155.796	264984
156.192	267880
159.865	272224
160.126	273672
160.764	278016
160.883	279464
161.239	282360
163.839	286704
164.097	288152
164.766	291048
164.874	292496
165.252	296840
166.700	299736
166.982	301184
167.564	302632
167.814	305528
168.049	308424
168.287	311320
168.549	312768
168.811	315664
169.062	318560
172.643	320008
173.037	321456
173.661	324352
173.778	325800
174.158	330144
174.687	333040
174.874	335936
175.122	338832
175.388	340280
175.649	343176
175.832	344624
176.099	348968
176.342	350891
