13.894	0
46.169	511
46.192	619
46.676	8811
46.760	14480
60.445	15928
60.644	18824
60.891	21720
61.178	24616
61.483	27512
61.710	28960
74.458	34752
74.739	37648
75.046	39096
75.250	41992
75.688	46336
76.061	49232
76.184	50680
88.356	55024
88.651	59368
88.940	62264
89.088	65160
89.442	68056
89.600	70952
89.949	73848
90.127	76744
90.438	79640
102.370	83984
102.646	86880
102.988	89776
103.147	91224
103.542	95568
103.757	97016
103.944	99912
104.317	102808
104.408	104256
104.817	108600
105.141	110048
105.325	111496
105.611	115840
116.258	120184
116.558	124528
116.842	127424
116.996	128872
117.365	133216
117.465	134664
117.888	139008
117.986	140456
118.360	144800
118.459	146248
118.866	150592
119.159	152040
119.444	154936
119.639	157832
119.829	160728
120.110	162176
120.366	165072
120.624	167968
120.866	170864
121.141	172312
121.400	173760
130.243	175208
130.640	179552
130.768	182448
131.158	183896
131.294	185344
131.665	189688
131.777	191136
132.151	192584
132.327	195480
132.660	198376
132.787	201272
133.163	202720
133.351	205616
133.687	208512
133.844	211408
134.150	212856
134.371	215752
134.613	218648
134.833	220096
135.172	221544
135.428	224440
135.689	228784
135.917	230232
136.196	233128
136.438	236024
136.689	238920
136.999	240368
137.190	243264
137.441	246160
144.431	249056
144.759	251952
144.864	254848
145.274	257744
145.406	259192
145.778	263536
145.888	264984
146.301	267880
146.418	269328
146.802	273672
147.324	276568
147.514	279464
147.802	282360
148.026	283808
148.272	286704
148.538	289600
148.735	292496
149.258	295392
149.509	298288
149.760	301184
149.995	302632
150.265	305528
150.508	308424
150.758	311320
151.282	314216
151.534	317112
151.793	320008
152.024	321456
152.284	324352
152.542	327248
152.785	330144
153.023	331592
153.291	334488
153.538	337384
153.788	340280
154.315	344624
154.564	347520
154.812	350416
155.085	350891
