13.895	0
37.852	511
37.883	619
38.532	8811
38.668	13990
52.062	16886
52.566	19782
52.709	22678
53.051	25574
53.611	28470
53.862	31366
54.051	34262
54.339	35710
66.049	38606
66.547	41502
66.672	44398
67.501	47294
67.621	48742
68.005	50190
68.563	53086
68.705	55982
69.057	58878
69.199	60326
70.134	64670
80.749	67566
80.862	69014
81.055	70462
81.431	71910
82.578	74806
83.548	77702
83.694	80598
84.008	83494
84.149	84942
84.629	89286
85.101	93630
85.402	95078
85.599	97974
85.923	100870
98.575	103766
98.685	105214
98.867	108110
99.198	111006
99.375	112454
99.755	116798
99.893	118246
100.241	121142
100.347	122590
100.733	126934
100.853	128382
101.234	129830
101.348	131278
101.723	135622
101.840	137070
102.598	139966
103.480	142862
103.602	144310
103.993	148654
104.597	151550
105.410	152998
105.663	155894
105.914	158790
120.690	163134
120.986	167478
121.546	170374
121.702	173270
122.050	176166
122.362	177614
122.520	179062
122.911	183406
123.039	184854
123.374	187750
124.514	190646
124.628	192094
125.017	193542
125.598	197886
125.724	199334
126.098	203678
126.294	205126
126.575	208022
126.807	209470
128.428	210918
128.699	215262
129.384	216710
129.666	221054
129.917	223950
130.437	225398
130.702	228294
131.376	229742
131.642	231190
148.580	234086
149.626	238430
149.895	241326
150.239	244222
150.361	245670
150.739	250014
150.856	251462
151.231	252910
151.352	254358
151.727	258702
151.865	260150
152.223	261598
152.722	264494
152.956	267390
153.169	270286
153.411	273182
153.668	276078
153.911	278974
154.136	280422
154.394	283318
154.646	286214
155.022	289110
155.518	292006
156.392	293454
156.688	297798
157.380	299246
157.648	302142
157.927	306486
158.149	307934
158.484	309382
158.709	310830
160.434	313726
160.685	316622
160.943	319518
161.169	320966
161.431	323862
161.689	326758
161.931	329654
162.517	332550
170.411	333998
170.763	336894
171.389	338342
171.709	339790
172.444	341238
172.708	342686
173.389	344134
173.664	348478
173.895	350891
