13.947	0
42.248	511
42.279	619
43.200	8811
43.300	14480
56.482	15928
56.965	18824
57.216	27016
57.249	28960
57.583	31856
57.712	34752
58.088	36200
70.616	39096
70.768	40544
71.118	44888
71.244	46336
71.631	47784
71.703	50680
72.151	53576
72.206	56472
72.569	57920
84.542	60816
84.694	62264
84.961	65160
85.132	68056
85.496	72400
85.596	73848
85.963	78192
86.087	79640
86.477	83984
86.722	85432
87.041	89776
87.139	91224
87.512	92672
87.724	94120
98.957	97016
99.959	101360
100.201	104256
100.557	107152
100.732	110048
101.193	114392
101.573	115840
101.691	117288
102.079	121632
102.204	123080
102.554	125976
102.845	128872
103.021	130320
112.806	133216
112.949	134664
113.287	137560
113.604	139008
113.806	141904
114.243	146248
114.361	147696
114.611	150592
114.779	153488
115.152	157832
115.267	159280
115.628	160728
115.759	163624
116.162	167968
116.280	169416
116.630	170864
116.786	173760
117.139	176656
117.256	179552
117.640	181000
117.849	182448
118.094	185344
118.353	189688
118.630	191136
118.844	194032
119.077	195480
126.771	199824
127.141	204168
127.278	207064
127.648	209960
127.934	211408
128.131	214304
128.495	218648
128.973	222992
129.108	224440
129.490	228784
129.699	230232
129.980	233128
130.215	236024
130.454	237472
130.733	240368
130.948	241816
131.176	244712
131.434	247608
131.704	249056
131.965	251952
132.216	254848
132.458	257744
132.722	260640
146.999	263536
147.114	264984
147.497	270776
147.610	272224
147.916	275120
148.104	278016
148.410	280912
148.541	283808
148.829	286704
149.074	289600
149.291	292496
149.537	295392
149.781	298288
150.032	301184
150.277	304080
150.519	306976
150.769	309872
151.021	312768
151.272	315664
151.519	318560
151.769	321456
152.018	324352
152.272	327248
152.519	330144
152.770	333040
153.018	335936
153.268	338832
153.520	341728
153.770	344624
154.047	348968
154.268	350891
