13.928	0
40.033	511
40.062	619
40.875	8811
41.007	14480
59.631	15928
59.896	18824
60.143	27016
60.180	27512
60.398	30408
60.648	33304
60.896	34752
61.419	37648
73.802	40544
73.929	41992
74.392	44888
74.730	46336
75.596	47784
76.454	49232
76.723	53576
77.501	56472
77.646	59368
78.008	60816
87.661	65160
88.006	69504
88.589	72400
88.774	75296
89.108	78192
89.197	79640
89.591	81088
90.130	82536
90.398	85432
90.603	88328
90.860	89776
91.186	91224
91.399	94120
91.638	97016
91.901	99912
92.141	102808
92.365	104256
101.453	108600
101.827	112944
101.962	115840
102.334	118736
102.470	121632
102.944	124528
103.069	127424
103.340	128872
103.505	130320
103.965	133216
104.048	134664
104.512	137560
104.776	141904
104.991	143352
105.246	144800
105.499	147696
105.749	150592
105.999	153488
106.535	156384
106.789	159280
107.036	162176
107.288	165072
107.538	167968
117.449	169416
117.817	173760
117.985	176656
118.308	178104
118.519	181000
118.833	185344
118.964	186792
119.761	189688
119.915	191136
120.272	195480
120.375	196928
120.742	201272
120.882	202720
121.240	205616
121.422	208512
123.458	209960
124.508	212856
124.605	214304
125.005	218648
125.126	220096
125.468	222992
125.715	225888
125.909	228784
126.141	230232
126.406	231680
126.657	234576
131.744	238920
132.008	243264
132.400	244712
132.533	246160
132.911	250504
133.052	251952
133.422	254848
133.543	256296
134.036	260640
134.153	262088
134.639	264984
134.767	267880
135.135	270776
135.289	273672
135.651	276568
135.765	278016
136.090	282360
136.424	283808
136.577	285256
136.964	289600
137.086	291048
137.514	293944
137.681	296840
138.036	299736
138.148	301184
138.644	305528
138.754	306976
139.048	309872
139.672	311320
139.944	315664
140.192	318560
140.442	321456
140.689	324352
140.872	325800
141.388	327248
141.652	331592
141.893	334488
142.130	335936
142.391	337384
142.659	341728
142.898	344624
143.417	347520
145.460	348968
145.813	350891
