14.084	0
40.477	511
40.503	619
41.094	8811
41.222	14480
54.389	15928
55.108	18824
55.267	20272
55.531	28464
55.562	31856
55.772	33304
56.027	36200
68.777	39096
69.002	40544
69.339	43440
69.465	44888
69.867	49232
69.975	50680
70.336	53576
70.471	55024
70.846	57920
85.711	60816
85.861	62264
86.678	66608
87.073	70952
87.648	73848
87.809	75296
88.142	79640
88.265	81088
88.646	83984
88.770	86880
89.146	89776
89.419	91224
89.694	94120
99.314	95568
99.700	99912
99.847	101360
100.861	104256
100.992	107152
101.383	110048
101.494	111496
101.814	115840
102.029	118736
102.232	120184
102.491	121632
102.770	125976
103.003	128872
103.523	131768
103.777	134664
104.135	137560
114.623	139008
114.967	143352
115.074	144800
115.461	147696
115.617	149144
115.983	153488
116.091	154936
116.468	157832
116.583	159280
116.965	163624
117.074	165072
117.641	167968
117.777	170864
118.130	173760
118.260	175208
118.617	178104
118.787	181000
119.060	183896
119.294	185344
119.558	188240
119.767	191136
120.009	194032
120.533	196928
120.786	199824
121.036	202720
121.271	204168
121.530	207064
121.783	209960
128.649	211408
129.011	215752
129.227	218648
129.584	221544
129.718	222992
130.105	227336
130.217	228784
130.610	231680
130.718	233128
131.036	237472
131.563	240368
131.814	243264
132.012	246160
132.242	247608
132.508	249056
132.763	253400
133.012	256296
133.250	257744
133.510	260640
133.762	263536
134.011	266432
134.539	269328
134.787	272224
135.034	275120
135.270	276568
135.531	279464
135.786	282360
136.033	285256
136.557	288152
136.798	289600
142.692	291048
143.080	295392
143.192	298288
143.603	301184
143.716	302632
143.984	305528
144.223	308424
144.486	309872
144.745	312768
144.997	315664
145.248	317112
145.533	320008
145.777	322904
146.029	325800
146.266	327248
146.526	330144
146.778	333040
147.028	335936
147.551	338832
147.819	341728
148.189	346072
148.476	347520
148.710	350416
149.009	350891
