13.793	0
40.945	511
40.969	619
41.598	8811
41.686	14480
55.176	15928
55.663	17376
55.796	18824
56.033	27016
56.056	34752
56.260	36200
56.539	37648
68.995	40544
69.447	43440
69.580	46336
69.945	49232
70.082	52128
70.434	55024
70.650	56472
71.104	60816
82.457	62264
82.963	66608
83.096	68056
83.476	70952
83.606	72400
84.063	76744
84.158	78192
84.397	81088
84.610	82536
84.871	85432
85.124	88328
85.357	89776
85.650	91224
85.904	95568
86.153	98464
96.228	101360
96.799	104256
96.949	107152
97.191	110048
97.845	114392
97.979	115840
98.336	120184
98.622	121632
98.920	125976
99.029	127424
99.389	128872
99.680	130320
99.919	133216
100.077	136112
100.330	139008
100.589	140456
100.844	141904
110.141	143352
110.834	146248
111.259	152040
111.806	154936
111.939	157832
112.192	160728
112.415	162176
112.697	163624
112.957	167968
113.192	170864
113.714	173760
113.968	176656
114.216	179552
114.453	181000
114.715	183896
114.965	186792
115.223	189688
115.451	191136
115.713	194032
115.967	196928
116.215	199824
116.732	202720
117.120	207064
117.219	208512
117.483	209960
117.782	212856
118.131	217200
124.562	220096
124.713	221544
125.012	224440
125.141	227336
125.469	230232
125.654	233128
125.883	236024
126.145	238920
126.396	241816
126.647	243264
126.916	247608
127.282	250504
127.728	253400
128.070	256296
128.255	259192
128.554	260640
128.853	264984
128.962	266432
129.343	270776
129.622	272224
129.810	275120
130.174	279464
130.799	283808
130.900	285256
131.208	286704
131.457	289600
131.726	291048
132.017	295392
132.489	296840
132.744	299736
133.000	301184
138.740	302632
139.741	305528
139.847	306976
140.224	311320
140.350	312768
140.784	315664
140.885	317112
141.258	321456
141.388	322904
141.780	325800
141.911	328696
142.219	331592
142.726	334488
142.978	337384
143.237	340280
143.484	341728
143.766	344624
143.994	347520
144.260	350891
