14.001	0
37.153	511
37.175	619
37.807	8811
37.890	13032
38.076	14480
51.728	17376
52.301	25568
52.455	28960
52.779	33304
53.402	36200
53.527	37648
65.586	39096
66.093	41992
66.357	44888
66.687	46336
66.880	49232
67.130	50680
67.439	55024
67.775	57920
67.999	59368
68.247	60816
79.515	63712
80.046	66608
80.206	69504
80.593	73848
80.713	75296
81.087	79640
81.211	81088
81.602	85432
81.728	86880
82.103	91224
82.587	95568
82.710	97016
83.286	99912
83.452	101360
93.308	102808
93.539	104256
93.896	107152
94.046	108600
94.400	112944
94.532	114392
94.917	118736
95.016	120184
95.396	124528
95.542	127424
95.864	128872
96.136	131768
96.314	133216
96.651	137560
96.783	139008
97.167	140456
97.354	143352
97.669	146248
97.835	147696
98.121	150592
107.515	154936
107.812	159280
108.134	162176
108.256	163624
108.651	167968
108.770	169416
109.201	172312
109.343	175208
109.763	178104
110.303	182448
110.430	183896
110.811	188240
111.388	192584
111.514	194032
111.884	198376
112.019	199824
112.317	202720
112.547	205616
112.788	207064
113.027	208512
113.280	211408
113.535	214304
113.785	217200
114.044	218648
114.304	221544
114.553	224440
114.809	225888
115.068	228784
121.481	231680
121.790	234576
121.926	237472
122.270	240368
122.462	243264
122.783	246160
122.951	247608
123.248	250504
123.498	253400
123.766	256296
123.993	257744
124.226	260640
124.472	263536
124.722	266432
125.249	270776
125.497	273672
125.746	276568
126.006	278016
126.265	280912
126.518	283808
126.752	285256
127.402	288152
127.642	289600
127.899	293944
128.151	296840
128.395	299736
128.645	302632
128.880	304080
129.164	305528
129.422	309872
129.671	312768
129.906	314216
130.168	317112
130.419	320008
130.670	322904
130.906	324352
131.176	328696
131.417	330144
131.668	333040
140.314	334488
141.473	341728
141.768	344624
142.119	347520
142.223	348968
142.605	350891
